# Au optical constants n,k  | source: Johnson & Christy 1972, Phys Rev B 6, 4370 (noble metals)
# via refractiveindex.info (CC0). columns: wavelength_nm  n  k. range 188-1937 nm
  187.90  1.2800  1.1880
  191.60  1.3200  1.2030
  195.30  1.3400  1.2260
  199.30  1.3300  1.2510
  203.30  1.3300  1.2770
  207.30  1.3000  1.3040
  211.90  1.3000  1.3500
  216.40  1.3000  1.3870
  221.40  1.3000  1.4270
  226.20  1.3100  1.4600
  231.30  1.3000  1.4970
  237.10  1.3200  1.5360
  242.60  1.3200  1.5770
  249.00  1.3300  1.6310
  255.10  1.3300  1.6880
  261.60  1.3500  1.7490
  268.90  1.3800  1.8030
  276.10  1.4300  1.8470
  284.40  1.4700  1.8690
  292.40  1.4900  1.8780
  300.90  1.5300  1.8890
  310.70  1.5300  1.8930
  320.40  1.5400  1.8980
  331.50  1.4800  1.8830
  342.50  1.4800  1.8710
  354.20  1.5000  1.8660
  367.90  1.4800  1.8950
  381.50  1.4600  1.9330
  397.40  1.4700  1.9520
  413.30  1.4600  1.9580
  430.50  1.4500  1.9480
  450.90  1.3800  1.9140
  471.40  1.3100  1.8490
  495.90  1.0400  1.8330
  520.90  0.6200  2.0810
  548.60  0.4300  2.4550
  582.10  0.2900  2.8630
  616.80  0.2100  3.2720
  659.50  0.1400  3.6970
  704.50  0.1300  4.1030
  756.00  0.1400  4.5420
  821.10  0.1600  5.0830
  892.00  0.1700  5.6630
  984.00  0.2200  6.3500
 1088.00  0.2700  7.1500
 1216.00  0.3500  8.1450
 1393.00  0.4300  9.5190
 1610.00  0.5600  11.2100
 1937.00  0.9200  13.7800
