# Cr optical constants n,k  | source: Johnson & Christy 1974, Phys Rev B 9, 5056 (transition metals)
# via refractiveindex.info (CC0). columns: wavelength_nm  n  k. range 188-1937 nm
  188.00  1.2800  1.6400
  192.00  1.3100  1.6500
  195.00  1.3500  1.6800
  199.00  1.3900  1.7000
  203.00  1.4300  1.7000
  207.00  1.4600  1.7100
  212.00  1.4600  1.7200
  216.00  1.4700  1.7200
  221.00  1.4500  1.7300
  226.00  1.4300  1.7400
  231.00  1.4000  1.7700
  237.00  1.3800  1.8000
  243.00  1.3600  1.8500
  249.00  1.3600  1.9100
  255.00  1.3700  1.9700
  262.00  1.3800  2.0300
  269.00  1.3900  2.0800
  276.00  1.4300  2.1500
  284.00  1.4500  2.2100
  292.00  1.4800  2.2800
  301.00  1.5300  2.3400
  311.00  1.5800  2.4000
  320.00  1.6500  2.4700
  332.00  1.6900  2.5300
  342.00  1.7600  2.5800
  354.00  1.8400  2.6400
  368.00  1.8700  2.6900
  381.00  1.9200  2.7400
  397.00  2.0000  2.8300
  413.00  2.0800  2.9300
  431.00  2.1900  3.0400
  451.00  2.3300  3.1400
  471.00  2.5100  3.2400
  496.00  2.7500  3.3000
  521.00  2.9400  3.3300
  549.00  3.1800  3.3300
  582.00  3.2200  3.3000
  617.00  3.1700  3.3000
  659.00  3.0900  3.3400
  704.00  3.0500  3.3900
  756.00  3.0800  3.4200
  821.00  3.2000  3.4800
  892.00  3.3000  3.5200
  984.00  3.4100  3.5700
 1088.00  3.5800  3.5800
 1216.00  3.6700  3.6000
 1393.00  3.6900  3.8400
 1610.00  3.6600  4.3100
 1937.00  3.7100  5.0400
