# Cu optical constants n,k  | source: Johnson & Christy 1972, Phys Rev B 6, 4370 (noble metals)
# via refractiveindex.info (CC0). columns: wavelength_nm  n  k. range 188-1937 nm
  187.90  0.9400  1.3370
  191.60  0.9500  1.3880
  195.30  0.9700  1.4400
  199.30  0.9800  1.4930
  203.30  0.9900  1.5500
  207.30  1.0100  1.5990
  211.90  1.0400  1.6510
  216.40  1.0800  1.6990
  221.40  1.1300  1.7370
  226.20  1.1800  1.7680
  231.30  1.2300  1.7920
  237.10  1.2800  1.8020
  242.60  1.3400  1.7990
  249.00  1.3700  1.7830
  255.10  1.4100  1.7410
  261.60  1.4100  1.6910
  268.90  1.4500  1.6680
  276.10  1.4600  1.6460
  284.40  1.4500  1.6330
  292.40  1.4200  1.6330
  300.90  1.4000  1.6790
  310.70  1.3800  1.7290
  320.40  1.3800  1.7830
  331.50  1.3400  1.8210
  342.50  1.3600  1.8640
  354.20  1.3700  1.9160
  367.90  1.3600  1.9750
  381.50  1.3300  2.0450
  397.40  1.3200  2.1160
  413.30  1.2800  2.2070
  430.50  1.2500  2.3050
  450.90  1.2400  2.3970
  471.40  1.2500  2.4830
  495.90  1.2200  2.5640
  520.90  1.1800  2.6080
  548.60  1.0200  2.5770
  582.10  0.7000  2.7040
  616.80  0.3000  3.2050
  659.50  0.2200  3.7470
  704.50  0.2100  4.2050
  756.00  0.2400  4.6650
  821.10  0.2600  5.1800
  892.00  0.3000  5.7680
  984.00  0.3200  6.4210
 1088.00  0.3600  7.2170
 1216.00  0.4800  8.2450
 1393.00  0.6000  9.4390
 1610.00  0.7600  11.1200
 1937.00  1.0900  13.4300
