# Ti optical constants n,k  | source: Johnson & Christy 1974, Phys Rev B 9, 5056 (transition metals)
# via refractiveindex.info (CC0). columns: wavelength_nm  n  k. range 188-1937 nm
  188.00  1.1000  1.6200
  192.00  1.1600  1.6400
  195.00  1.2200  1.6600
  199.00  1.2500  1.6800
  203.00  1.2700  1.6900
  207.00  1.3100  1.6900
  212.00  1.3100  1.6800
  216.00  1.3200  1.6700
  221.00  1.3200  1.6600
  226.00  1.3200  1.6600
  231.00  1.3100  1.6800
  237.00  1.3000  1.7200
  243.00  1.2800  1.7700
  249.00  1.2700  1.8300
  255.00  1.2600  1.9100
  262.00  1.2700  1.9900
  269.00  1.2700  2.0700
  276.00  1.3000  2.1700
  284.00  1.3500  2.2600
  292.00  1.4000  2.3600
  301.00  1.4500  2.4600
  311.00  1.5000  2.5700
  320.00  1.5500  2.6600
  332.00  1.6100  2.7400
  342.00  1.7200  2.8200
  354.00  1.8200  2.8700
  368.00  1.9000  2.9000
  381.00  1.9900  2.9300
  397.00  2.0800  2.9500
  413.00  2.1400  2.9800
  431.00  2.2100  3.0100
  451.00  2.2700  3.0400
  471.00  2.3200  3.1000
  496.00  2.3600  3.1900
  521.00  2.4400  3.3000
  549.00  2.5400  3.4300
  582.00  2.6000  3.5800
  617.00  2.6700  3.7200
  659.00  2.7600  3.8400
  704.00  2.8600  3.9600
  756.00  3.0000  4.0100
  821.00  3.2100  4.0100
  892.00  3.2900  3.9600
  984.00  3.3500  3.9700
 1088.00  3.5000  4.0200
 1216.00  3.6200  4.1500
 1393.00  3.6700  4.3700
 1610.00  3.6900  4.7000
 1937.00  3.5100  5.1900
