# TiO2 (amorphous ALD thin film) n,k | Siefke et al. 2016, Adv. Opt. Mater. 4, 1780
# via refractiveindex.info (CC0). columns: wavelength_nm  n  k. range 380-1840 nm
  380.046  2.773412  3.973e-03
  382.240  2.761140  3.226e-03
  384.447  2.749428  2.622e-03
  386.666  2.738237  2.133e-03
  388.899  2.727527  1.738e-03
  391.144  2.717266  1.417e-03
  393.402  2.707421  1.157e-03
  395.673  2.697965  9.456e-04
  397.957  2.688872  7.738e-04
  400.255  2.680117  6.338e-04
  402.565  2.671679  5.198e-04
  404.889  2.663539  4.268e-04
  407.227  2.655678  3.508e-04
  409.578  2.648080  2.886e-04
  411.942  2.640730  2.378e-04
  414.320  2.633615  1.961e-04
  416.712  2.626721  1.619e-04
  419.118  2.620037  1.338e-04
  421.538  2.613552  1.107e-04
  423.971  2.607257  9.170e-05
  426.419  2.601142  7.600e-05
  428.881  2.595198  6.310e-05
  431.356  2.589418  5.250e-05
  433.847  2.583795  4.360e-05
  436.351  2.578321  3.640e-05
  438.870  2.572990  3.030e-05
  441.404  2.567796  2.530e-05
  443.952  2.562734  2.110e-05
  446.515  2.557798  1.770e-05
  449.093  2.552983  1.480e-05
  451.686  2.548285  1.240e-05
  454.293  2.543700  1.040e-05
  456.916  2.539222  8.750e-06
  459.554  2.534848  7.350e-06
  462.207  2.530575  6.190e-06
  464.875  2.526399  5.210e-06
  467.559  2.522316  4.400e-06
  470.258  2.518324  3.710e-06
  472.973  2.514419  3.140e-06
  475.703  2.510599  2.660e-06
  478.450  2.506860  2.250e-06
  481.212  2.503201  1.910e-06
  483.990  2.499618  1.620e-06
  486.784  2.496110  1.370e-06
  489.594  2.492674  1.170e-06
  492.421  2.489308  9.940e-07
  495.264  2.486010  8.470e-07
  498.123  2.482778  7.220e-07
  500.998  2.479609  6.160e-07
  503.891  2.476503  5.270e-07
  506.800  2.473458  4.500e-07
  509.725  2.470471  3.850e-07
  512.668  2.467541  3.300e-07
  515.628  2.464667  2.830e-07
  518.605  2.461847  2.430e-07
  521.598  2.459079  2.090e-07
  524.610  2.456363  1.800e-07
  527.638  2.453697  1.550e-07
  530.684  2.451079  1.330e-07
  533.748  2.448509  1.150e-07
  536.829  2.445985  9.910e-08
  539.929  2.443506  8.560e-08
  543.046  2.441072  7.400e-08
  546.181  2.438679  6.400e-08
  549.334  2.436329  5.550e-08
  552.505  2.434020  4.810e-08
  555.695  2.431750  4.170e-08
  558.903  2.429520  3.620e-08
  562.129  2.427327  3.150e-08
  565.375  2.425172  2.740e-08
  568.639  2.423053  2.380e-08
  571.921  2.420969  2.070e-08
  575.223  2.418920  1.810e-08
  578.544  2.416905  1.580e-08
  581.884  2.414923  1.380e-08
  585.243  2.412973  1.200e-08
  588.622  2.411055  1.050e-08
  592.020  2.409168  9.210e-09
  595.438  2.407311  8.060e-09
  598.875  2.405484  7.060e-09
  602.333  2.403686  6.190e-09
  605.810  2.401916  5.430e-09
  609.307  2.400174  4.760e-09
  612.825  2.398459  4.180e-09
  616.363  2.396771  3.670e-09
  619.921  2.395109  3.230e-09
  623.500  2.393473  2.840e-09
  627.099  2.391862  2.490e-09
  630.720  2.390275  2.190e-09
  634.361  2.388712  1.930e-09
  638.023  2.387173  1.700e-09
  641.706  2.385657  1.490e-09
  645.411  2.384164  1.310e-09
  649.137  2.382693  1.150e-09
  652.884  2.381243  1.010e-09
  656.654  2.379815  8.860e-10
  660.444  2.378408  7.760e-10
  664.257  2.377022  6.790e-10
  668.092  2.375655  5.930e-10
  671.949  2.374308  5.160e-10
  675.828  2.372981  4.490e-10
  679.730  2.371673  3.890e-10
  683.654  2.370383  3.350e-10
  687.601  2.369111  2.870e-10
  691.570  2.367858  2.450e-10
  695.563  2.366622  2.070e-10
  699.578  2.365404  1.730e-10
  703.617  2.364202  1.430e-10
  707.679  2.363017  1.160e-10
  711.765  2.361848  9.150e-11
  715.874  2.360696  6.960e-11
  720.006  2.359559  4.990e-11
  724.163  2.358438  3.220e-11
  728.344  2.357332  1.620e-11
  732.548  2.356241  1.770e-12
  736.777  2.355164  0.000e+00
  741.031  2.354102  0.000e+00
  745.309  2.353054  0.000e+00
  749.612  2.352020  0.000e+00
  753.939  2.351000  0.000e+00
  758.292  2.349993  0.000e+00
  762.669  2.348999  0.000e+00
  767.072  2.348019  0.000e+00
  771.501  2.347051  0.000e+00
  775.955  2.346095  0.000e+00
  780.434  2.345152  0.000e+00
  784.940  2.344221  0.000e+00
  789.471  2.343301  0.000e+00
  794.029  2.342393  0.000e+00
  798.613  2.341497  0.000e+00
  803.223  2.340612  0.000e+00
  807.860  2.339738  0.000e+00
  812.524  2.338875  0.000e+00
  817.215  2.338023  0.000e+00
  821.933  2.337181  0.000e+00
  826.678  2.336349  0.000e+00
  831.450  2.335528  0.000e+00
  836.250  2.334717  0.000e+00
  841.078  2.333915  0.000e+00
  845.934  2.333123  0.000e+00
  850.817  2.332340  0.000e+00
  855.729  2.331567  0.000e+00
  860.669  2.330803  0.000e+00
  865.638  2.330048  0.000e+00
  870.635  2.329302  0.000e+00
  875.662  2.328564  0.000e+00
  880.717  2.327836  0.000e+00
  885.801  2.327115  0.000e+00
  890.915  2.326403  0.000e+00
  896.058  2.325699  0.000e+00
  901.231  2.325002  0.000e+00
  906.434  2.324314  0.000e+00
  911.667  2.323634  0.000e+00
  916.930  2.322961  0.000e+00
  922.224  2.322295  0.000e+00
  927.548  2.321637  0.000e+00
  932.903  2.320986  0.000e+00
  938.288  2.320342  0.000e+00
  943.705  2.319705  0.000e+00
  949.153  2.319075  0.000e+00
  954.633  2.318451  0.000e+00
  960.144  2.317834  0.000e+00
  965.687  2.317224  0.000e+00
  971.262  2.316620  0.000e+00
  976.869  2.316023  0.000e+00
  982.509  2.315431  0.000e+00
  988.181  2.314846  0.000e+00
  993.885  2.314266  0.000e+00
  999.623  2.313692  0.000e+00
 1005.394  2.313125  0.000e+00
 1011.198  2.312562  0.000e+00
 1017.036  2.312006  0.000e+00
 1022.907  2.311454  0.000e+00
 1028.813  2.310908  0.000e+00
 1034.752  2.310368  0.000e+00
 1040.726  2.309832  0.000e+00
 1046.734  2.309302  0.000e+00
 1052.777  2.308776  0.000e+00
 1058.855  2.308256  0.000e+00
 1064.967  2.307740  0.000e+00
 1071.116  2.307229  0.000e+00
 1077.299  2.306722  0.000e+00
 1083.518  2.306220  0.000e+00
 1089.774  2.305723  0.000e+00
 1096.065  2.305229  0.000e+00
 1102.393  2.304741  0.000e+00
 1108.757  2.304256  0.000e+00
 1115.158  2.303775  0.000e+00
 1121.596  2.303299  0.000e+00
 1128.071  2.302826  0.000e+00
 1134.583  2.302357  0.000e+00
 1141.133  2.301892  0.000e+00
 1147.721  2.301431  0.000e+00
 1154.347  2.300973  0.000e+00
 1161.011  2.300519  0.000e+00
 1167.714  2.300069  0.000e+00
 1174.455  2.299622  0.000e+00
 1181.235  2.299178  0.000e+00
 1188.054  2.298738  0.000e+00
 1194.913  2.298300  0.000e+00
 1201.811  2.297866  0.000e+00
 1208.750  2.297435  0.000e+00
 1215.728  2.297007  0.000e+00
 1222.746  2.296582  0.000e+00
 1229.805  2.296160  0.000e+00
 1236.905  2.295740  0.000e+00
 1244.046  2.295324  0.000e+00
 1251.228  2.294910  0.000e+00
 1258.451  2.294498  0.000e+00
 1265.716  2.294089  0.000e+00
 1273.023  2.293683  0.000e+00
 1280.372  2.293279  0.000e+00
 1287.764  2.292877  0.000e+00
 1295.198  2.292478  0.000e+00
 1302.676  2.292080  0.000e+00
 1310.196  2.291685  0.000e+00
 1317.760  2.291292  0.000e+00
 1325.368  2.290902  0.000e+00
 1333.019  2.290513  0.000e+00
 1340.715  2.290126  0.000e+00
 1348.455  2.289740  0.000e+00
 1356.239  2.289357  0.000e+00
 1364.069  2.288976  0.000e+00
 1371.944  2.288596  0.000e+00
 1379.864  2.288217  0.000e+00
 1387.830  2.287841  0.000e+00
 1395.842  2.287465  0.000e+00
 1403.900  2.287092  0.000e+00
 1412.005  2.286719  0.000e+00
 1420.157  2.286348  0.000e+00
 1428.356  2.285979  0.000e+00
 1436.602  2.285610  0.000e+00
 1444.895  2.285243  0.000e+00
 1453.237  2.284877  0.000e+00
 1461.626  2.284512  6.773e-319
 1470.064  2.284147  2.695e-314
 1478.551  2.283784  9.346e-310
 1487.087  2.283422  2.830e-305
 1495.672  2.283061  7.490e-301
 1504.306  2.282700  1.730e-296
 1512.991  2.282340  3.530e-292
 1521.726  2.281981  6.300e-288
 1530.511  2.281623  9.900e-284
 1539.346  2.281265  1.370e-279
 1548.233  2.280907  1.680e-275
 1557.171  2.280551  1.810e-271
 1566.161  2.280194  1.730e-267
 1575.202  2.279838  1.470e-263
 1584.296  2.279482  1.110e-259
 1593.442  2.279127  7.420e-256
 1602.641  2.278771  4.430e-252
 1611.893  2.278416  2.360e-248
 1621.199  2.278061  1.120e-244
 1630.558  2.277707  4.760e-241
 1639.972  2.277352  1.810e-237
 1649.439  2.276997  6.170e-234
 1658.962  2.276642  1.890e-230
 1668.539  2.276287  5.210e-227
 1678.171  2.275931  1.290e-223
 1687.860  2.275576  2.890e-220
 1697.604  2.275220  5.820e-217
 1707.404  2.274864  1.060e-213
 1717.261  2.274507  1.750e-210
 1727.175  2.274150  2.610e-207
 1737.146  2.273792  3.540e-204
 1747.175  2.273434  4.360e-201
 1757.261  2.273075  4.870e-198
 1767.406  2.272716  4.960e-195
 1777.609  2.272356  4.610e-192
 1787.872  2.271995  3.900e-189
 1798.193  2.271633  3.020e-186
 1808.574  2.271271  2.130e-183
 1819.015  2.270907  1.380e-180
 1829.516  2.270543  8.180e-178
 1840.078  2.270178  4.450e-175
